poster 1
   299.1    3.4 #
   300.1    3.4 #
   301.1    3.3 #
   302.1    3.3 #
   303.1    3.3 #
   304.1    3.3 #
   305.1    3.3 #
   306.1    3.3 #
   307.1    3.3 #
   308.1    3.4 #
   309.1    3.4 #
   310.1    3.4 #
   311.1    3.4 #
   312.1    3.5 #
   313.1    6.5 ##
   314.1   14.3 ####
   315.1   28.7 #########
   316.1   32.0 ##########
   317.1   31.6 ##########
   318.1   35.0 ###########
   319.1   34.2 ###########
   320.1   26.4 ########
   321.1   22.8 #######
   322.1   42.6 ##############
   323.1   79.9 ##########################
   324.1   90.0 ##############################
   325.1   97.6 ################################
   326.1   96.5 ################################
   327.1   81.4 ###########################
   328.1   74.5 ########################
   329.1   72.2 ########################
   330.1   69.9 #######################
   331.1   68.6 ######################
   332.1   68.3 ######################
   333.1   69.1 #######################
   334.1   72.5 ########################
   335.1   72.2 ########################
   336.1   70.3 #######################
   337.1   70.1 #######################
   338.1   66.0 ######################
   339.1   68.1 ######################
   340.1   73.3 ########################
   341.1   93.0 ##############################
   342.1   99.5 #################################
   343.1   95.2 ###############################
   344.1   89.3 #############################
   345.1   54.8 ##################
   346.1   11.6 ###
   347.1   10.9 ###
   348.1   12.4 ####
   349.1   12.5 ####
   350.1   13.1 ####
   351.1   18.9 ######
   352.1   20.7 ######
   353.1   19.0 ######
   354.1   16.9 #####
   355.1   10.2 ###
   356.1    3.0 #
   357.1    3.2 #
   358.1    3.4 #
   359.1    3.2 #
   360.1    4.2 #
   361.1   15.8 #####
   362.1   18.0 #####
   363.1   17.5 #####
   364.1   18.0 ######
   365.1   17.5 #####
   366.1   17.1 #####
   367.1   16.4 #####
   368.1   39.1 #############
   369.1   68.2 ######################
   370.1   79.0 ##########################
   371.1   87.0 ############################
   372.1   85.4 ############################
   373.1   69.9 #######################
   374.1   64.7 #####################
   375.1   60.3 ####################
   376.1   55.8 ##################
   377.1   58.1 ###################
   378.1   58.9 ###################
   379.1   61.7 ####################
   380.1   62.3 ####################
   381.1   59.4 ###################
   382.1   58.0 ###################
   383.1   56.8 ##################
   384.1   62.1 ####################
   385.1   63.9 #####################
   386.1   68.2 ######################
   387.1   84.4 ############################
   388.1   88.4 #############################
   389.1   81.3 ###########################
   390.1   72.7 ########################
   391.1   45.8 ###############
   392.1    3.7 #
   393.1    1.9 
   394.1    3.3 #
   395.1    3.3 #
   396.1    3.0 #
   397.1    3.5 #
   398.1    2.8 
poster 2
   339.1    0.6 
   340.1    0.6 
   341.1    0.6 
   342.1    0.6 
   343.1    0.6 
   344.1    0.6 
   345.1    0.6 
   346.1    0.6 
   347.1    0.6 
   348.1    0.6 
   349.1    0.6 
   350.1    0.6 
   351.1    0.6 
   352.1    0.6 
   353.1    0.6 
   354.1    0.6 
   355.1    0.6 
   356.1    0.6 
   357.1    0.6 
   358.1    0.6 
   359.1    0.6 
   360.1    0.9 
   361.1    0.9 
   362.1    2.3 
   363.1    5.3 #
   364.1    5.3 #
   365.1    5.1 #
   366.1    4.8 #
   367.1    4.9 #
   368.1   28.4 #########
   369.1   62.6 ####################
   370.1   72.5 ########################
   371.1   79.4 ##########################
   372.1   76.9 #########################
   373.1   55.6 ##################
   374.1   45.5 ###############
   375.1   43.8 ##############
   376.1   40.8 #############
   377.1   38.9 ############
   378.1   54.1 ##################
   379.1   59.2 ###################
   380.1   59.8 ###################
   381.1   56.9 ##################
   382.1   39.3 #############
   383.1   36.6 ############
   384.1   38.8 ############
   385.1   44.1 ##############
   386.1   48.3 ################
   387.1   55.8 ##################
   388.1   61.5 ####################
   389.1   58.4 ###################
   390.1   53.5 #################
   391.1   29.7 #########
   392.1    1.2 
poster 3
   339.4    0.7 
   340.4    0.7 
   341.4    0.7 
   342.4    0.7 
   343.4    0.7 
   344.4    0.7 
   345.4    0.7 
   346.4    0.7 
   347.4    0.7 
   348.4    0.7 
   349.4    0.7 
   350.4    0.7 
   351.4    0.7 
   352.4    0.7 
   353.4    0.7 
   354.4    0.7 
   355.4    0.8 
   356.4    0.8 
   357.4    0.8 
   358.4    1.0 
   359.4    1.1 
   360.4    1.5 
   361.4    5.4 #
   362.4    6.9 ##
   363.4    7.5 ##
   364.4   11.0 ###
   365.4   11.3 ###
   366.4   12.9 ####
   367.4    9.5 ###
   368.4    6.8 ##
   369.4   26.4 ########
   370.4  110.3 ####################################
   371.4  142.3 ###############################################
   372.4  158.8 ####################################################
   373.4  169.5 ########################################################
   374.4  139.3 ##############################################
   375.4  111.7 #####################################
   376.4  104.6 ##################################
   377.4  100.8 #################################
   378.4   95.2 ###############################
   379.4  101.8 #################################
   380.4  106.9 ###################################
   381.4  108.8 ####################################
   382.4  107.2 ###################################
   383.4   96.9 ################################
   384.4   92.8 ##############################
   385.4   95.6 ###############################
   386.4  103.4 ##################################
   387.4  112.2 #####################################
   388.4  132.2 ############################################
   389.4  154.7 ###################################################
   390.4  143.6 ###############################################
   391.4  130.2 ###########################################
   392.4   98.0 ################################
   393.4   22.2 #######
   394.4    6.7 ##
   395.4    8.2 ##
   396.4    7.5 ##
   397.4    7.2 ##
   398.4    5.4 #
   399.4    5.5 #
   400.4    3.5 #
poster 4
   339.5    0.7 
   340.5    0.7 
   341.5    0.7 
   342.5    0.7 
   343.5    0.7 
   344.5    0.7 
   345.5    0.7 
   346.5    0.7 
   347.5    0.8 
   348.5    0.7 
   349.5    0.7 
   350.5    0.7 
   351.5    0.7 
   352.5    0.8 
   353.5    0.8 
   354.5    0.8 
   355.5    0.8 
   356.5    1.0 
   357.5    1.0 
   358.5    1.7 
   359.5    5.8 #
   360.5    7.0 ##
   361.5    7.8 ##
   362.5   11.4 ###
   363.5   11.5 ###
   364.5   12.0 ####
   365.5    8.8 ##
   366.5    5.9 #
   367.5   18.6 ######
   368.5   71.9 #######################
   369.5   90.9 ##############################
   370.5   99.6 #################################
   371.5  105.7 ###################################
   372.5   85.0 ############################
   373.5   66.5 ######################
   374.5   62.8 ####################
   375.5   60.1 ####################
   376.5   55.1 ##################
   377.5   53.2 #################
   378.5   56.6 ##################
   379.5   58.8 ###################
   380.5   56.9 ##################
   381.5   56.1 ##################
   382.5   58.3 ###################
   383.5   59.6 ###################
   384.5   61.2 ####################
   385.5   65.5 #####################
   386.5   75.7 #########################
   387.5   85.8 ############################
   388.5   81.8 ###########################
   389.5   75.8 #########################
   390.5   57.5 ###################
   391.5   12.1 ####
   392.5    6.3 ##
   393.5    6.5 ##
   394.5    6.8 ##
   395.5    6.2 ##
   396.5    5.1 #
   397.5    5.4 #
   398.5    3.3 #
